Alice Brown  89 92 79 84 86 90 88 95 100 87
Bob Bush	85 76 79 83 90 76 88 83 91 82
Carl Menchin  57 73 68 76 71 65 72 55 73 69
David Lieberman  76 79 81 58 63 71 68 82 75 67
John Capra  100 89 93 78 85 87 85 83 92 88
George Smith	86 90 80 95 85 99 98 97 89 100 
Elaine Sanders  85 90 80 95 89 99 95 98 97 100 
Jack Cunningham 72 78 97 84 83 68 85 84 83 90 
Susie Brown	68 85 84 83 90 80 95 85 99 98 
Marvella Garcia 92 78 97 98 97 89 80 95 85 99 
Tony Peterson	85 84 83 90 72 78 97 98 97 99 
John Jones	75 75 80 80 90 90 75 70 87 84 
Mary Evans	60 89 86 65 89 88 77 60 87 65 
Nancy Drew	80 75 50 60 79 89 50 45 70 50 
Lola Zapeta	89 98 79 97 90 96 94 100 99 98 
Duckey Donald	82 60 78 55 76 85 72 87 90 82
Goof Goofy	89 78 89 56 76 55 63 87 62 76
Brave Balto	73 98 89 92 85 93 86 95 80 90
Snow Smitn	93 76 54 83 62 73 69 74 82 67
Alice Wonderful 86 87 78 67 92 80 82 70 65 87
Samina Akthar	85 78 45 60 75 55 63 78 75 80
Simba Green	50 45 35 20 50 60 75 65 54 48
Donald Egger	76 80 83 81 76 65 73 82 61 80
Brown Deer	86 87 89 79 85 65 78 92 88 94
Johny Jackson	96 91 83 79 95 87 82 90 94 100